[1. 1. 1.]
[2.11845998 4.44327713 1.1069889 ]
[ 6.46482671 13.58367674  4.07525299]
[16.59113722 27.33535675 25.67565648]
[15.65084177  1.09662113 47.34633171]
[ 0.96583032 -9.44975619 32.66086841]
[-5.24645973 -8.45845489 27.18347366]
[-7.33122411 -8.77043336 25.65608311]
[-8.5720417  -9.63389038 26.14610237]
[-9.31603881 -9.62884375 27.74457648]
[-9.10891482 -8.42038072 28.64831101]
[-8.21836816 -7.30193344 27.86179923]
[-7.57072435 -7.29058494 26.28380273]
[-7.71445532 -8.26886254 25.27582784]
[-8.53525103 -9.50994894 25.72175338]
[-9.35413145 -9.84428206 27.45250046]
[-9.30325795 -8.69726239 28.7573851 ]
[-8.38121759 -7.32967417 28.20646273]
[-7.554434   -7.08178245 26.5232247 ]
[-7.53944514 -7.98690297 25.21400875]
[-8.33313566 -9.37453965 25.35777793]
[ -9.31304246 -10.04059174  27.08607473]
[-9.48649686 -9.03497974 28.79660762]
[-8.58524431 -7.42230141 28.57385874]
[-7.57650833 -6.8879654  26.83455744]
[-7.37029493 -7.67203306 25.22008731]
[-8.09590968 -9.16430762 25.00390047]
[ -9.21365728 -10.18319129  26.62769394]
[-9.65257817 -9.42537633 28.73293801]
[-8.83394436 -7.59656589 28.94779353]
[-7.64801257 -6.72167429 27.22264675]
[-7.21654435 -7.3305465  25.30894953]
[-7.82797861 -8.87518248 24.68229865]
[ -9.04669094 -10.24542456  26.08468383]
[-9.78236153 -9.85356518 28.53345214]
[-9.12511669 -7.8723909  29.30395324]
[-7.78111216 -6.6000991  27.69084451]
[-7.09003313 -6.97098125 25.49645561]
[-7.53639401 -8.50665819 24.41865951]
[ -8.80517912 -10.19950688  25.47457054]
[ -9.85174626 -10.29164074  28.1643572 ]
[-9.45066033 -8.27046648 29.60491779]
[-7.98952353 -6.54701026 28.23909754]
[-7.00586415 -6.60471829 25.799596  ]
[-7.23136633 -8.06222955 24.24188799]
[ -8.48588193 -10.01947422  24.8269435 ]
[ -9.83235858 -10.69504147  27.59667197]
[-9.79300725 -8.80788947 29.79500023]
[-8.28773435 -6.59588641 28.86054732]
[-6.98364945 -6.24737723 26.23672582]
[-6.9270041  -7.54964917 24.18400761]
[-8.09077451 -9.6848692  24.18444135]
[ -9.69366058 -11.00077437  26.81542888]
[-10.12037411  -9.48894845  29.7951806 ]
[-8.68869161 -6.79395079 29.53481741]
[-7.04927466 -5.92165035 26.82754927]
[-6.64257958 -6.98111775 24.28046675]
[-7.62854767 -9.18462115 23.60255839]
[ -9.40699885 -11.13006154  25.8321536 ]
[-10.381491   -10.2884901   29.50167997]
[-9.19827275 -7.20594463 30.21511098]
[-7.23713324 -5.66292664 27.59208081]
[-6.4048017  -6.37377884 24.57112711]
[-7.11613634 -8.52031962 23.14833866]
[ -8.95175962 -10.99818818  24.69840832]
[-10.50206181 -11.1270315   28.79598591]
[-9.80357    -7.91302297 30.80471908]
[-7.59216155 -5.53024683 28.54640118]
[-6.25194544 -5.75145927 25.10223379]
[-6.58058108 -7.70801486 22.89862191]
[ -8.323046   -10.53271411  23.51570893]
[-10.38782351 -11.84409442  27.57871557]
[-10.45083884  -8.99346256  31.11929075]
[-8.16895623 -5.62683373 29.68902701]
[-6.2412785  -5.15008513 25.92952706]
[-6.06218822 -6.7779858  22.93928674]
[-7.53936675 -9.69700493 22.43597165]
[ -9.94137047 -12.19175779  25.83717794]
[-11.01103543 -10.45579755  30.84430479]
[-9.01921557 -6.13424475 30.96064669]
[-6.46184481 -4.63336114 27.12161376]
[-5.62144289 -5.77292181 23.36788812]
[-6.64852513 -8.51046598 21.64953792]
[ -9.09759874 -11.8855169   23.73316234]
[-11.24549166 -12.08696458  29.54643441]
[-10.14334951  -7.34710239  32.13346846]
[-7.05332661 -4.33706745 28.75691651]
[-5.35561279 -4.74795697 24.30340326]
[-5.73173716 -7.05386508 21.36611123]
[ -7.87036201 -10.7323868   21.65264134]
[-10.82355533 -13.25575743  26.88837516]
[-11.35567641  -9.60037852  32.55590847]
[-8.21701954 -4.59023198 30.87678825]
[-5.4391141  -3.78731331 25.90879924]
[-4.91270247 -5.45214169 21.80528179]
[-6.38513586 -8.77891413 20.14350119]
[ -9.47970157 -12.97848139  23.15218405]
[-12.0356254  -12.70369828  30.85062053]
[-10.12378436  -6.19113159  33.20371929]
[-6.21611167 -3.10405614 28.4293645 ]
[-4.39795654 -3.8409108  23.22485342]
[-4.87452615 -6.34431264 19.75784886]
[ -7.29408353 -10.65653986  19.62467728]
[-11.08174794 -14.6170923   25.70444299]
[-12.32549291 -10.46678765  33.90609132]
[-8.3405626  -3.53477306 32.14222064]
[-4.64034763 -2.37460778 26.03820596]
[-3.67088155 -3.85781671 20.97068078]
[-4.80937828 -6.92149848 17.98563019]
[ -7.95643419 -12.12828375  19.09612688]
[-12.27854136 -15.65789931  27.84601453]
[-12.21533645  -8.31190294  35.65570309]
[-6.91381296 -1.79719074 31.12140868]
[-3.42995026 -1.59937253 24.435509  ]
[-2.79349565 -3.17429484 19.30010822]
[-4.02347648 -6.16929025 16.11859266]
[ -7.30408516 -11.84141658  16.77219992]
[-12.4903128  -17.21636167  26.30842298]
[-13.27835604  -9.09809773  37.24855088]
[-6.90869133 -0.53687265 32.26729335]
[-2.52100674 -0.08993728 24.71814092]
[-1.32796351 -1.07145191 19.00518679]
[-1.63427689 -2.47072548 14.76681548]
[-3.11989767 -5.43835228 12.09985028]
[ -6.76403948 -12.04751351  12.98011704]
[-13.36876722 -19.99788632  25.06329501]
[-14.60568787  -8.58969631  40.47002379]
[-5.85736879  2.32916573 32.99659133]
[-0.43345515  2.59256892 24.65029273]
[ 1.49613431  2.83779703 19.03661977]
[ 2.98991709  4.91363418 15.32466796]
[ 5.84361695  9.8977735  14.54637784]
[11.17852748 17.28795694 21.64308395]
[14.6604601  13.18662988 36.75853007]
[ 8.67128032  0.76580678 35.08919313]
[ 2.65754803 -1.06600314 26.6093777 ]
[ 0.5266668  -0.45726477 20.27734905]
[ 6.60430403e-03 -2.33658542e-01  1.55193156e+01]
[-0.1695474  -0.33661872 11.88467564]
[-0.41028735 -0.76977435  9.11311226]
[-1.01452156 -1.97221154  7.05921148]
[-2.6664582  -5.3129037   5.96484912]
[ -7.13806622 -13.99522764   8.58990964]
[-15.90601334 -24.10689668  27.82565016]
[-14.51709176  -2.75732063  44.24318162]
[-2.42293188  6.52025367 31.82325526]
[ 3.10606274  6.20945271 24.86234971]
[ 5.51794925  7.76069327 21.70982169]
[ 8.12097313 11.10967613 22.31351383]
[10.93322789 12.96324019 27.67874682]
[11.01429599  8.95060643 32.45837553]
[ 7.89365897  4.55126138 30.26611563]
[ 5.44850168  4.11011086 25.48341378]
[ 5.1835233   5.94173107 21.7288397 ]
[ 6.84352019  9.37767474 20.61193459]
[ 9.92454952 13.15950929 24.31034963]
[11.89077604 11.76780774 31.53584785]
[ 9.51905603  5.62737522 32.49822562]
[ 5.96682076  3.34628104 27.63178151]
[ 4.57974213  4.37901012 22.79307315]
[ 5.37395983  7.14053403 19.87164386]
[ 8.04266698 11.53467229 20.7113976 ]
[11.55963013 14.26193899 27.63365696]
[11.6625194   8.84016339 33.98388314]
[ 7.53133406  3.27951857 30.83543643]
[ 4.51802275  2.89700115 25.02798072]
[ 4.07948129  4.71938293 20.49744536]
[ 5.67556345  8.26648146 18.39621132]
[ 9.20549054 13.47304142 21.28427757]
[12.73665855 14.24166977 30.89449035]
[10.77899146  5.92958435 34.76709717]
[ 5.83254169  1.85524966 29.06181343]
[ 3.41327244  2.43827205 22.99249195]
[ 3.48589803  4.51689983 18.58839106]
[ 5.46128754  8.48839062 16.71744161]
[ 9.5884032  14.6031173  20.55222183]
[13.57787825 14.82871519 32.43152469]
[10.5645895   4.38260233 35.6472473 ]
[ 4.82622112  0.58903558 28.57333975]
[ 2.32387045  1.29371692 22.10287632]
[ 2.20723706  2.87558802 17.30400518]
[ 3.62514193  5.92006532 14.33139742]
[ 7.15084628 12.11168573 15.17850839]
[13.00128882 18.4799583  26.10975679]
[13.79088076  8.62846652 38.72335534]
[ 6.33384083 -0.78860196 32.4607119 ]
[ 1.5475825  -1.09536283 24.49116702]
[ 0.06276356 -0.65662244 18.70213724]
[-0.42876292 -0.84162855 14.33331432]
[-0.97750264 -1.76411546 11.0522336 ]
[-2.26169818 -4.25434438  8.87218118]
[ -5.55299575 -10.58556365   9.25136521]
[-12.71546594 -21.30773327  20.37038442]
[-16.52750835 -11.61613435  42.34712176]
[-6.38439002  4.16469521 35.15298832]
[ 0.70570309  4.72946842 26.02636119]
[ 3.38250505  5.39541525 20.90690624]
[ 5.66907951  8.52093339 18.74384981]
[ 9.2809315  13.48215535 21.69630265]
[12.64013138 13.92680273 31.02741369]
[10.61098536  5.87720861 34.48052002]
[ 5.84678225  2.04865142 28.88071268]
[ 3.56122642  2.68485199 22.95559045]
[ 3.73009614  4.86830784 18.71040314]
[ 5.83262338  8.99654602 17.16647722]
[10.0101358  14.88038923 21.63964976]
[13.4722298  13.89509368 33.16991656]
[ 9.99631939  3.93009819 34.93790537]
[ 4.65024306  0.86611908 27.93625033]
[ 2.49859412  1.72998756 21.7226611 ]
[ 2.631678    3.57875054 17.18821972]
[ 4.42567695  7.22020618 14.77752823]
[ 8.51843102 13.95930498 17.33068561]
[13.914675   17.41031425 30.34278384]
[12.0997417   5.34215567 37.85646112]
[ 4.98548816 -0.70509716 30.18744107]
[ 1.41250499 -0.39289566 22.93655028]
[ 0.51126279  0.23376487 17.55415687]
[ 0.52687125  0.78289225 13.46159979]
[ 1.03100333  1.85088039 10.39283717]
[2.41051073 4.5742721  8.42159731]
[ 5.99270037 11.45716841  9.30780254]
[13.54356788 22.1048817  22.29230507]
[16.10058627  9.28338094 43.13269678]
[ 5.35074742 -4.70895651 34.10618799]
[-1.21595469 -4.89408121 25.49244093]
[-3.75723344 -5.80540848 20.74323724]
[-6.16686656 -9.18970072 19.12020356]
[ -9.85019531 -13.8912202   22.96527952]
[-12.59846541 -12.89202548  32.07834436]
[-9.88888346 -5.08536166 33.74212272]
[-5.48538459 -2.23708173 27.9627025 ]
[-3.67200067 -3.17237278 22.37071203]
[-4.17891963 -5.65336693 18.57036794]
[ -6.65051651 -10.19185119  17.92441747]
[-10.959151   -15.43757565  24.03213188]
[-13.153602   -11.74515785  34.57689773]
[-8.73842779 -2.93786731 33.42611223]
[-4.16452938 -1.25739535 26.51295167]
[-2.69878106 -2.44754529 20.78542875]
[-3.31877354 -4.79422312 16.81959189]
[-5.785757   -9.41171193 15.65106991]
[-10.58652336 -16.16304947  21.43311815]
[-14.19227632 -13.78536191  35.06208578]
[-9.39800733 -2.2130613  35.22789604]
[-3.57222131  0.24574724 27.25208819]
[-1.41396035 -0.54680544 20.87602799]
[-1.23541541 -1.61092898 16.09729255]
[-2.10309776 -3.5530866  12.68622182]
[-4.47587705 -8.06910356 11.33567946]
[ -9.80220845 -16.87276371  16.54220124]
[-15.86070532 -17.67399461  35.38458312]
[-10.49084861  -0.5541382   38.36674566]
[-2.29406763  3.10325681 28.42456212]
[ 1.00614211  2.87799274 21.68083517]
[ 2.55969283  4.16672253 17.1573251 ]
[ 4.79522676  7.93079837 15.04513146]
[ 9.17835236 14.76586145 18.53893391]
[14.14750591 16.46649335 32.11369796]
[11.23094819  4.12353988 37.12098859]
[ 4.46740625 -0.57765786 29.1943611 ]
[ 1.39760285 -0.07178494 22.24758891]
[ 0.74532951  0.67985286 17.05751292]
[ 1.02800511  1.65344855 13.14540946]
[ 2.11933821  3.83353223 10.42800257]
[4.93015679 9.21401643 9.93367135]
[11.21135668 19.25388621 17.88452036]
[16.59512372 15.31375072 39.48242196]
[ 8.4433158  -2.33201466 36.96092879]
[ 0.60321684 -4.08384983 27.08214076]
[-2.34365149 -4.26738656 21.145272  ]
[-4.30769001 -6.66702711 17.7694945 ]
[ -7.53161632 -11.73762036  18.37013972]
[-12.09960248 -16.03771476  26.81007679]
[-12.66382628  -9.12325322  35.90830475]
[-7.24258747 -1.69887702 31.80843185]
[-3.36175759 -1.21923199 24.8610705 ]
[-2.47112556 -2.61893685 19.47253427]
[-3.42080879 -5.2122241  15.87493273]
[ -6.2787876  -10.39221504  15.41200564]
[-11.51045765 -17.19308828  23.02901588]
[-14.225898   -12.01775741  36.80794704]
[-8.2282776  -0.89306381 34.22763631]
[-2.77053657  0.53289224 26.11970335]
[-0.95217234 -0.23156157 19.96800369]
[-0.76310675 -0.98123646 15.32936999]
[-1.31535946 -2.25850544 11.87761973]
[-2.89530628 -5.34783055  9.76880432]
[ -6.84345209 -12.69049206  11.24059522]
[-14.25664805 -21.59677218  25.73163711]
[-14.80165202  -6.77633938  42.18975727]
[-4.65836568  4.00022601 32.61088918]
[ 0.89887144  3.99477127 24.48754597]
[ 3.09056985  4.93784369 19.5688684 ]
[ 5.3749947   8.37351951 17.419309  ]
[ 9.31601151 14.05233837 20.67844763]
[13.21550895 14.7593838  31.5751704 ]
[10.78980209  5.18996128 35.42095443]
[ 5.31666365  1.08944659 28.92598492]
[ 2.77654475  1.7258236  22.55110196]
[ 2.71385181  3.52290383 17.85118671]
[ 4.36979416  7.00128608 15.24771758]
[ 8.24685445 13.43367922 17.32060123]
[13.55902723 17.3432476  29.39614261]
[12.37801425  6.24091527 37.70887736]
[ 5.46564252 -0.33576607 30.62896687]
[ 1.75729241 -0.13666349 23.32999737]
[ 0.85643384  0.67313583 17.88674596]
[ 1.07648973  1.67255355 13.78792589]
[ 2.14246179  3.82485756 10.92890904]
[ 4.89184456  9.06882857 10.29138294]
[11.00625922 18.85460821 17.79495605]
[16.45617948 15.64816574 38.84603144]
[ 8.75451306 -1.84845851 37.12327182]
[ 0.91067207 -3.83775968 27.2265737 ]
[-2.04994693 -3.92906387 21.12959401]
[-3.91327612 -6.12013505 17.4808147 ]
[ -6.97551096 -11.06857785  17.45557489]
[-11.7300392  -16.32458241  25.21769317]
[-13.23342454 -10.44101292  35.98428457]
[-7.81381221 -1.71321595 32.81600589]
[-3.36265921 -0.75506905 25.53753096]
[-2.10837409 -1.94487933 19.83194163]
[-2.69570828 -4.02707103 15.77914012]
[-4.94600424 -8.32493933 14.09309037]
[ -9.72972971 -15.79680877  18.6566641 ]
[-14.72097228 -16.22149281  33.90378262]
[-10.57864394  -2.55836206  37.09298604]
[-3.59255881  1.25319097 28.44814924]
[-0.69255804  0.73031415 21.60816894]
[ 0.09791535  0.50861898 16.53309239]
[ 0.44616961  0.82457824 12.67489365]
[1.01405144 1.87058421 9.78763405]
[2.44142726 4.67975152 7.96897332]
[ 6.15945118 11.83956757  9.11744334]
[13.93505055 22.54856285 23.06382833]
[15.94026955  8.22413377 43.53741444]
[ 4.84647314 -5.07971755 33.70324825]
[-1.55287601 -5.12377771 25.33834367]
[-4.07195791 -6.16851235 20.84620149]
[-6.55630723 -9.64795242 19.62738309]
[-10.18383245 -13.95331663  23.97998886]
[-12.39823288 -12.04173837  32.49745217]
[-9.4064014 -4.7795006 33.0667814]
[-5.3747498  -2.5397611  27.37875713]
[-3.89736013 -3.66547904 22.09881092]
[-4.65794923 -6.39438167 18.7251081 ]
[ -7.3913045  -11.13977979  18.93544931]
[-11.56733392 -15.34935388  26.13062427]
[-12.55585723  -9.93042065  34.93546083]
[-7.84642174 -2.60941778 32.06998674]
[-4.00659158 -1.77850666 25.47640551]
[-3.07477397 -3.25900139 20.21139175]
[-4.15364005 -6.16293281 16.90645575]
[ -7.25103833 -11.53193989  17.32777665]
[-12.14748659 -16.67039842  26.01513538]
[-13.15123333  -9.59390101  36.54893307]
[-7.30135787 -1.18301481 32.37606724]
[-2.9914438  -0.56093038 25.0267092 ]
[-1.84702369 -1.7191094  19.36921474]
[-2.40611932 -3.64890989 15.30304803]
[-4.51642255 -7.71380996 13.38884089]
[ -9.17948886 -15.32345221  17.20542307]
[-14.80962239 -17.49385307  32.75074597]
[-11.33913182  -3.08263883  38.09919947]
[-3.75135853  1.71294069 29.19597531]
[-0.41430742  1.30410605 22.11088081]
[ 0.6561569   1.39034468 16.95427694]
[ 1.48692534  2.58109404 13.16399279]
[ 3.20023733  5.78673813 10.90911177]
[ 7.26054968 13.13692177 12.61518959]
[14.33275028 20.79480631 27.15769459]
[14.11834552  6.15688536 41.24601943]
[ 4.63485251 -3.28338955 31.98619656]
[-0.43228331 -3.23446387 24.01570338]
[-2.37805519 -3.97525825 18.86406775]
[-4.3611618  -7.01882057 16.03724351]
[ -8.10784281 -13.03021324  17.7597526 ]
[-13.1757655  -16.92710325  28.81913735]
[-12.41357055  -6.95813532  37.21109567]
[-5.92091177 -0.24131332 30.85098815]
[-2.23138853 -0.34124199 23.64498101]
[-1.41290851 -1.41672482 18.22498461]
[-1.97585092 -3.11388895 14.27257697]
[-3.89947485 -6.84136884 12.16687405]
[ -8.36237704 -14.53516434  15.02844547]
[-14.82512969 -19.25917142  30.71959473]
[-12.50927226  -3.99541847  39.63454636]
[-3.97063954  2.5147587  30.32753162]
[ 0.07797605  2.2622702  22.88605934]
[ 1.57487012  2.78789029 17.72499645]
[ 3.09745056  5.18307985 14.36853531]
[ 6.24199353 10.72295897 14.19834735]
[11.99070745 18.23925514 23.00255433]
[14.65755526 11.52409665 38.22611159]
[ 7.62985704 -0.35411901 34.21659506]
[ 1.92077132 -1.42887506 25.73768728]
[-1.29980650e-02 -9.91556569e-01  1.96261143e+01]
[-0.71016649 -1.32499392 15.06707621]
[-1.5406226  -2.73395898 11.73031089]
[-3.46509143 -6.40798925  9.94804136]
[ -8.08801197 -14.71502962  12.89490737]
[-15.44816771 -20.9391587   30.5113002 ]
[-12.97826894  -3.0675622   41.15091341]
[-3.22180722  3.99009451 30.62848233]
[ 1.27322121  3.79454395 23.26916049]
[ 3.22680802  5.08953687 18.71140059]
[ 5.67252656  8.95555703 17.02726587]
[ 9.92797263 14.88769487 21.38580301]
[13.53322069 14.11600961 33.0986374 ]
[10.10103342  3.9500738  35.12193705]
[ 4.64042465  0.75240075 28.04950999]
[ 2.41098777  1.58159766 21.7666478 ]
[ 2.47742182  3.34142995 17.15553304]
[ 4.15586689  6.79762381 14.55984804]
[ 8.09030629 13.42933465 16.55766617]
[13.71819522 17.9262922  29.11631508]
[12.65667176  6.20941498 38.28982321]
[ 5.33039178 -0.81442537 30.8571997 ]
[ 1.39600713 -0.65406976 23.38770774]
[ 0.31154172 -0.1246653  17.88142697]
[ 0.12427769  0.09733308 13.69078068]
[ 0.17525824  0.29911363 10.48484457]
[0.3976981  0.75494504 8.04040208]
[1.01251273 1.99812157 6.23717254]
[2.73005704 5.49960814 5.36044834]
[ 7.43477118 14.65716384  8.4599287 ]
[16.45684362 24.3656003  29.33619371]
[13.98772346  1.25272228 44.15332584]
[ 1.75386599 -6.8979488  31.38620413]
[-3.55607837 -6.55379891 24.86850204]
[-5.93114043 -8.16751749 22.13353548]
[ -8.46567356 -11.26705156  23.15919128]
[-10.90198512 -12.39657259  28.33016442]
[-10.5736698   -8.40147429  32.03087117]
[-7.67222697 -4.75557956 29.59263163]
[-5.63053757 -4.62529711 25.18587016]
[-5.62683767 -6.58673725 21.92791019]
[-7.42285535 -9.99027534 21.49123125]
[-10.2930438  -12.98642629  25.7145775 ]
[-11.48260651 -10.5990244   31.81368936]
[-8.88456469 -5.33748687 31.48542359]
[-5.89057263 -3.8641967  26.82525084]
[-4.99463506 -5.18900693 22.55504279]
[-6.13242175 -8.19328576 20.4465221 ]
[ -8.94495771 -12.29870089  22.51928032]
[-11.74313585 -13.11389084  29.60814134]
[-10.62575035  -7.2516439   33.25459248]
[-6.81899078 -3.45854277 29.2503236 ]
[-4.67868596 -3.79942648 24.04247129]
[-4.86572902 -6.06393226 20.36838231]
[ -7.00040776 -10.06726123  19.740072  ]
[-10.59769769 -14.18351642  24.84302958]
[-12.32265201 -11.2730231   33.09622409]
[-8.9094044  -4.26426763 32.56216018]
[-5.09465998 -2.57668286 26.74707573]
[-3.89560926 -3.89480214 21.63779355]
[-4.86936165 -6.81907448 18.54554498]
[ -7.8196166  -11.7553213   19.35410992]
[-11.95951351 -15.33186501  27.34568633]
[-12.21764665  -8.85614729  35.17635567]
[-7.28314354 -2.28629963 31.33156412]
[-3.79018098 -1.8978598  24.81636826]
[-3.12292807 -3.51752499 19.74865737]
[-4.41139237 -6.65273925 16.73784566]
[ -7.76969376 -12.30117683  17.85591399]
[-12.63886138 -16.62999392  27.60030542]
[-12.67161964  -8.18549675  36.72886344]
[-6.61554333 -0.87505983 31.45655285]
[-2.74781939 -0.69095972 24.28317136]
[-1.86882607 -1.92653447 18.82463517]
[-2.60360253 -4.04337171 14.96914918]
[-4.98369418 -8.54159505 13.49648532]
[-10.02257631 -16.38952232  18.66478353]
[-15.03961483 -16.06100867  34.8976587 ]
[-10.20496416  -1.69395787  37.06101277]
[-3.09222961  1.67185564 28.08574429]
[-0.24538639  1.20155681 21.3246516 ]
[ 0.68603512  1.37497742 16.36010118]
[ 1.51652668  2.64766198 12.71573455]
[ 3.30683779  6.02117269 10.62027793]
[ 7.56493161 13.7019342  12.75664205]
[14.74026129 20.8741152  28.37673726]
[13.71608954  5.01719283 41.24459395]
[ 4.12576283 -3.51451709 31.46033383]
[-0.70733223 -3.38242801 23.70629178]
[-2.63214228 -4.30160282 18.74097982]
[-4.76004367 -7.62871981 16.24757016]
[ -8.71956415 -13.76319751  18.80526127]
[-13.45279989 -16.24110114  30.47432137]
[-11.66476602  -5.72285053  36.70505918]
[-5.39376842 -0.31089717 29.87447468]
[-2.21280238 -0.69175111 22.96881777]
[-1.67993499 -1.93480037 17.78604011]
[-2.55403676 -4.11046736 14.15314447]
[-5.08834938 -8.86589833 12.95062799]
[-10.42182299 -17.09509173  18.91489552]
[-15.33125235 -15.60212432  36.09771819]
[-9.67128303 -0.73874193 36.82485045]
[-2.53970438  2.05874025 27.62449645]
[ 0.21189989  1.67307914 21.00493878]