[1. 1. 1.]
[2.13306235 4.47130096 1.11387198]
[ 6.54226414 13.73069158  4.17980941]
[16.68488195 27.1841177  26.20593478]
[15.36534181  1.11024728 46.75732749]
[ 1.1971942  -8.86712372 32.45366904]
[-4.83344472 -8.06119715 26.67286188]
[-7.04944003 -8.74759326 24.88994607]
[ -8.63564058 -10.09580832  25.64683089]
[ -9.69230838 -10.15775044  28.03065706]
[-9.37847181 -8.35673147 29.36244229]
[-8.07838963 -6.76998646 28.18315248]
[-7.17326926 -6.78347746 25.97559417]
[-7.36213809 -8.10005707 24.55406189]
[-8.48504864 -9.85002221 25.08133603]
[ -9.67254421 -10.43192879  27.51803398]
[-9.6437601  -8.80809929 29.44129573]
[-8.34589659 -6.87260909 28.67020658]
[-7.19885598 -6.53622403 26.37528344]
[-7.14642865 -7.69500808 24.57289905]
[-8.17388019 -9.56259172 24.62093042]
[ -9.54135202 -10.62865498  26.90651684]
[-9.871003   -9.3285784  29.37991753]
[-8.66657154 -7.08207796 29.15869559]
[-7.28876992 -6.33209172 26.86423258]
[-6.95961142 -7.27299428 24.70242364]
[-7.83508944 -9.18046471 24.22740085]
[ -9.32205104 -10.7035492   26.20154782]
[-10.04174671  -9.88893603  29.13498394]
[-9.03608655 -7.41995666 29.61417405]
[-7.4560012  -6.19077318 27.44055378]
[-6.81598773 -6.84754354 24.95483828]
[-7.48202443 -8.71375379 23.93180841]
[ -9.0137641  -10.62734118  25.44035992]
[-10.12554815 -10.44404355  28.67261377]
[-9.43924739 -7.90644308 29.98763319]
[-7.71314705 -6.13883067 28.09740969]
[-6.73221518 -6.43432476 25.34145604]
[-7.13072006 -8.17756973 23.76407638]
[ -8.62249655 -10.38068938  24.67321259]
[-10.09131647 -10.92996181  27.97436758]
[-9.84873296 -8.55242129 30.21096407]
[-8.07126808 -6.21202284 28.81876594]
[-6.72826107 -6.05240295 25.8726122 ]
[-6.80005299 -7.59087923 23.75225711]
[-8.16164728 -9.95816118 23.95989747]
[ -9.91208753 -11.26834697  27.04906418]
[-10.22167666  -9.34706601  30.19623816]
[-8.53628382 -6.45761605 29.57220535]
[-6.82831927 -5.72694678 26.55708365]
[-6.51233731 -6.97543952 23.92250905]
[-7.6518255  -9.37010086 23.36475815]
[ -9.57098929 -11.37785111  25.94324757]
[-10.49819034 -10.24036562  29.84294967]
[-9.10226986 -6.93417647 30.29689597]
[-7.06141671 -5.49417884 27.40007029]
[-6.29468581 -6.35537765 24.29976462]
[-7.12022616 -8.64176177 22.95152443]
[ -9.06707696 -11.19166082  24.74542606]
[-10.60478523 -11.12523103  29.05990727]
[-9.7403244  -7.70342119 30.88562726]
[-7.46060487 -5.40973756 28.39773952]
[-6.18148496 -5.75835097 24.90889535]
[-6.60014117 -7.80993136 22.77949567]
[ -8.41922697 -10.67642224  23.57998214]
[-10.46598735 -11.83159486  27.80570189]
[-10.38285477  -8.80374871  31.16422322]
[-8.05809155 -5.56128887 29.52384768]
[-6.21828858 -5.22003208 25.77579881]
[-6.13154701 -6.9181797  22.90234903]
[-7.66665888 -9.84499245 22.59071174]
[-10.02514832 -12.15061211  26.13958148]
[-10.90768555 -10.19231382  30.88505341]
[-8.8706574  -6.08277612 30.69906623]
[-6.46692886 -4.79548733 26.92671463]
[-5.76417184 -6.0127069  23.37026112]
[-6.86614379 -8.75654208 21.91971495]
[ -9.2694597  -11.89852267  24.2553152 ]
[-11.13627725 -11.65735462  29.77568731]
[-9.86534608 -7.15374282 31.72749495]
[-7.00943106 -4.58466077 28.38032857]
[-5.5651607  -5.14205938 24.23537034]
[-6.08820549 -7.50295644 21.69106795]
[ -8.2474567  -10.99956286  22.46316572]
[-10.87092729 -12.75925674  27.69339602]
[-10.89511782  -8.92864413  32.19337193]
[-7.94065385 -4.78384381 30.11462534]
[-5.63439307 -4.36778071 25.55968706]
[-5.41713766 -6.18724456 22.00766742]
[-7.0675178  -9.53603035 21.11300513]
[ -9.98561325 -12.93358785  24.85673385]
[-11.62031091 -11.28754985  31.3968412 ]
[-9.31737368 -5.76554188 31.95231743]
[-6.12980796 -3.80540602 27.42055019]
[-4.96300532 -4.90467633 22.96523618]
[-5.87808235 -7.72270665 20.50313888]
[ -8.53097766 -11.82205174  21.94345782]
[-11.5216777  -13.40743114  28.64288739]
[-10.98679704  -8.07934822  33.23457176]
[-7.29078332 -3.75073554 29.8837405 ]
[-4.90069336 -3.74503804 24.68416454]
[-4.8490101  -5.81731516 20.84153544]
[-6.75941202 -9.58841578 19.83503679]
[-10.19215052 -13.77270867  24.18796644]
[-12.2316697  -11.8322556   32.29054614]
[-9.36244937 -5.00245173 32.76962075]
[-5.56318722 -2.87568673 27.3573518 ]
[-4.19257738 -4.02583457 22.29500449]
[-5.03132113 -6.84091738 19.19218219]
[ -7.8102491  -11.5018686   19.87206694]
[-11.66780038 -14.81536345  27.18902091]
[-12.00343711  -9.12442719  34.45736956]
[-7.58462368 -2.97483916 31.23728959]
[-4.304812   -2.48537268 25.13008505]
[-3.7159764  -4.20695138 20.33327523]
[-5.16264939 -7.5921893  17.80541522]
[ -8.63276655 -13.02982749  19.94499602]
[-12.71137263 -15.19208709  29.67689972]
[-11.48351291  -6.82705541  35.41399901]
[-6.23005309 -1.69678223 29.97254003]
[-3.34073374 -1.98253853 23.58891226]
[-3.09383916 -3.80770206 18.82312403]
[-4.7117817  -7.31314352 16.26630108]
[ -8.49124276 -13.41099983  18.50715363]
[-13.26391018 -16.35788183  29.77738221]
[-11.89153197  -6.35495631  36.63494349]
[-5.76059722 -0.60517895 30.22428377]
[-2.4923252  -0.88685636 23.32805416]
[-1.94408986 -2.2379593  18.1406609 ]
[-2.9318844  -4.66896028 14.6030846 ]
[-5.73578424 -9.83152263 13.89244495]
[-11.23433238 -17.60265209  21.25790463]
[-14.84897092 -13.31844195  37.06064511]
[-8.63977223 -0.5579675  35.19678029]
[-2.54599694  1.23161375 26.620827  ]
[-0.37734678  0.66851115 20.28458551]
[ 0.23342674  0.61397497 15.53602124]
[ 0.63674935  1.15114603 11.93289032]
[1.45513704 2.70873157 9.31086388]
[3.56251308 6.84172695 8.14699445]
[ 8.82447796 16.36261505 12.51622777]
[16.57173749 20.96353903 33.78722675]
[11.77788382  0.28604184 40.76446527]
[ 1.90757871 -4.75012386 29.6135712 ]
[-2.19467435 -4.61600042 22.91106135]
[-4.28507709 -6.49058541 19.13673561]
[ -7.17459031 -10.87535406  19.02315312]
[-11.29593556 -15.11545137  25.68021977]
[-12.53140476 -10.38136935  34.45779601]
[-8.17749308 -3.1026781  32.23779027]
[-4.35886787 -2.05475783 25.85986658]
[-3.37688941 -3.53133498 20.66496532]
[-4.47153499 -6.51464065 17.49345872]
[ -7.59096536 -11.80681951  18.24010715]
[-12.18275553 -16.10594575  26.93342221]
[-12.6221178   -8.98785929  35.92277666]
[-7.19477829 -1.72578896 31.69891722]
[-3.39955308 -1.30695504 24.80910963]
[-2.56072554 -2.74895816 19.47717027]
[-3.57543534 -5.44591056 15.97626767]
[ -6.54542681 -10.76440347  15.79440754]
[-11.76919863 -17.19232831  23.94015478]
[-13.91307072 -11.19361828  36.81656693]
[-7.92197501 -1.02904219 33.59050531]
[-2.89930093  0.09752579 25.77585808]
[-1.32665341 -0.81451635 19.79077729]
[-1.42088592 -2.03432632 15.31757787]
[-2.60574453 -4.49093968 12.28822403]
[ -5.64647519 -10.1460907   12.00730964]
[-11.82919226 -19.0737278   20.88118137]
[-15.54545276 -12.82423539  39.11804129]
[-7.84181768  1.23932895 35.24070974]
[-1.35274962  2.50896845 26.20937087]
[ 0.98929164  2.39956021 20.08666746]
[ 2.30528644  3.81763794 15.83483032]
[ 4.52220144  7.70321857 13.81879598]
[ 9.10562306 15.07615447 17.47149922]
[14.55072483 17.21817666 32.33795694]
[11.37586318  3.67818381 37.72279154]
[ 4.16622209 -1.14515931 29.28570346]
[ 0.9356986  -0.68853607 22.23263759]
[ 0.06481156 -0.33764123 17.01093458]
[-0.20118604 -0.41942332 13.03203512]
[-0.4923975  -0.91110006 10.00132576]
[-1.19010361 -2.28295852  7.77374967]
[-3.06937019 -6.04444707  6.70257825]
[ -8.0181523  -15.38392316  10.26727523]
[-16.50927787 -22.86608149  31.37344856]
[-12.98016906  -1.00766687  42.44407693]
[-2.02228736  5.62504646 30.59135947]
[ 2.68819831  5.42562486 23.82403804]
[ 4.95944571  7.24575557 20.39274092]
[ 7.79322088 11.22808377 20.82244661]
[11.26130472 14.04300646 27.13059766]
[11.65817385  9.32473493 33.51829511]
[ 7.88208502  3.78692695 31.01951441]
[ 4.88677483  3.18437764 25.47197854]
[ 4.37588048  4.94381539 21.04870815]
[ 5.91088067  8.41164339 19.06582294]
[ 9.27414495 13.24606515 21.96308612]
[12.42459166 13.63753131 30.77055756]
[10.54588532  6.18455734 34.06869414]
[ 6.10272585  2.50285807 28.87770334]
[ 3.9405436   3.12541862 23.20632479]
[ 4.19344694  5.43165443 19.21900962]
[ 6.41811688  9.66897606 18.18554096]
[10.47666378 14.85152943 23.35940334]
[12.9965494  12.40876613 33.53446841]
[ 9.29680555  3.87542674 33.65701549]
[ 4.76977822  1.69930065 27.17584353]
[ 3.16962757  2.82903619 21.50729155]
[ 3.78395363  5.31101096 17.65424833]
[ 6.3339862  10.00470517 16.87519709]
[10.94875085 15.92742706 23.17828417]
[13.56977479 12.31512664 34.98975931]
[ 8.86681259  2.58384246 33.96525754]
[ 3.92171009  0.75140243 26.67605673]
[ 2.26429403  1.82226762 20.72576537]
[ 2.64487658  3.78725821 16.44339262]
[ 4.67597025  7.76053668 14.40212295]
[ 9.13040557 14.89598005 17.97747319]
[14.32329677 16.82498005 32.16145631]
[11.31240572  4.00658253 37.35631429]
[ 4.39955518 -0.74779602 29.26072825]
[ 1.27418149 -0.25709211 22.27404428]
[ 0.5520405   0.38232692 17.06363031]
[ 0.67536277  1.05726044 13.10567093]
[ 1.37825676  2.49590701 10.19203655]
[3.25946265 6.18216286 8.65936635]
[ 7.98113416 14.85316262 11.76425616]
[15.77642392 21.70117895 30.5419628 ]
[13.08211662  2.61599516 41.62087394]
[ 2.96302052 -4.42796848 30.69206083]
[-1.62107314 -4.23507347 23.43322833]
[-3.68901856 -5.70300025 19.12745108]
[-6.31293317 -9.75133842 18.0201513 ]
[-10.51120635 -15.00279885  23.29263445]
[-13.08524424 -12.44978405  33.7167412 ]
[-9.26488657 -3.71190446 33.74193696]
[-4.65888901 -1.55493046 27.13277663]
[-3.03839155 -2.67759179 21.4060524 ]
[-3.61845895 -5.09476847 17.47362215]
[-6.10849758 -9.72497961 16.49703249]
[-10.75693381 -15.9264689   22.49425548]
[-13.74988753 -12.89923966  34.8494624 ]
[-9.13416247 -2.63959983 34.40542293]
[-3.92799638 -0.52833487 26.96949365]
[-2.096646   -1.51454508 20.87675052]
[-2.32119482 -3.26833068 16.42377549]
[-4.07881021 -6.80170988 13.95226287]
[ -8.16368602 -13.70850677  16.2017393 ]
[-13.96235427 -18.16997958  29.5144371 ]
[-12.56898385  -5.77777738  38.4338539 ]
[-5.12426811  0.97740965 30.68081327]
[-1.26189455  0.7606009  23.24666197]
[-0.17553772  0.30779318 17.77761275]
[ 0.10140546  0.2753039  13.61616895]
[ 0.29418344  0.54842139 10.43607276]
[0.70809119 1.35153407 8.03352419]
[1.81594707 3.57908748 6.41509627]
[4.86527594 9.66548239 6.78780176]
[12.20713372 21.71931169 17.30806999]
[17.54308666 13.72455314 43.00131265]
[ 6.83748533 -4.99937715 36.37014187]
[-1.15327483 -5.72641244 26.84680111]
[-4.14849479 -6.34142757 22.06944061]
[-6.514353   -9.30170995 20.56268569]
[ -9.74110304 -13.1005814   23.984015  ]
[-11.88981471 -12.02665137  31.27182447]
[-9.69716669 -5.88822398 32.62062634]
[-6.1261451  -3.41132502 27.89045755]
[-4.64826888 -4.34918926 23.03802889]
[-5.36070212 -7.03729793 20.05314799]
[ -7.94235037 -11.33630367  20.73322671]
[-11.3995762  -14.13298583  27.34262412]
[-11.65182809  -9.11612212  33.69242581]
[-7.74213455 -3.60689448 30.92082573]
[-4.76442987 -3.10913422 25.29365543]
[-4.29927485 -4.90808556 20.85864046]
[-5.8756817  -8.42441971 18.88359062]
[ -9.3041572  -13.35775632  21.86536932]
[-12.51299697 -13.72269501  30.90214907]
[-10.54704663  -6.05437624  34.18729046]
[-6.01103104 -2.36613933 28.84933157]
[-3.8300242  -3.00829429 23.11008093]
[-4.0725061  -5.29422732 19.06083809]
[-6.28126772 -9.52755335 17.91392097]
[-10.39095588 -14.90228553  22.97566311]
[-13.11755318 -12.72348664  33.50467503]
[-9.43488544 -3.87042158 33.92363936]
[-4.74216896 -1.52834085 27.32981548]
[-3.03262777 -2.60325415 21.54522629]
[-3.55062242 -4.96326817 17.53820603]
[-5.9655621  -9.49761472 16.40149306]
[-10.5663374  -15.78077486  22.05584507]
[-13.79356023 -13.31108551  34.54807851]
[-9.37661466 -2.84854744 34.67579149]
[-4.03888742 -0.48805987 27.23117841]
[-2.09354976 -1.43094945 21.0643546 ]
[-2.24864358 -3.12524904 16.53856891]
[-3.91351318 -6.51324982 13.93102269]
[ -7.8519235  -13.26146315  15.76511629]
[-13.74027113 -18.40877872  28.53486788]
[-12.95450621  -6.52946703  38.6270499 ]
[-5.445114    0.95123018 31.17538924]
[-1.33605035  0.85241097 23.59576516]
[-0.14462704  0.40418191 18.03953018]
[ 0.19295063  0.43609638 13.81895852]
[ 0.4903289   0.9011817  10.60397157]
[1.16523689 2.21544669 8.23093498]
[2.96160759 5.79687507 7.00239311]
[ 7.67876735 14.72759015 10.07328161]
[16.0911907  22.99273245 29.89425548]
[13.53933388  2.16260037 42.7519543 ]
[ 2.52813713 -5.44090264 31.04466428]
[-2.39910586 -5.22738338 23.98539108]
[-4.67284671 -6.89995878 20.27668489]
[ -7.4478032  -10.87010353  20.27214851]
[-11.08208968 -14.26395304  26.29260952]
[-11.9724055  -10.01598435  33.55031193]
[-8.21505455 -3.84965474 31.60762794]
[-4.9009519  -2.90360347 25.89459768]
[-4.14668941 -4.50675899 21.19128421]
[-5.48010627 -7.78603986 18.75352652]
[ -8.73412344 -12.77833741  20.85635406]
[-12.36145273 -14.44786293  29.63366693]
[-11.19271424  -7.04724722  34.62351951]
[-6.48802043 -2.37627764 29.7561133 ]
[-3.86310062 -2.67068064 23.77273875]
[-3.7887947  -4.71574813 19.36827106]
[-5.6810024  -8.59473589 17.54006252]
[ -9.60211879 -14.25913739  21.27465377]
[-13.17498789 -14.20273714  32.07107977]
[-10.42089355  -4.91746448  34.92329651]
[-5.2557113  -1.37084021 28.50437199]
[-2.99323988 -2.13874966 22.36476314]
[-3.13461944 -4.16833073 17.92373185]
[-5.0974006  -8.10297628 15.89092084]
[ -9.31413025 -14.58746628  19.46677333]
[-13.78721144 -15.64891712  32.05360546]
[-10.95840803  -4.54143379  36.26853452]
[-4.85466131 -0.25422722 28.98968406]
[-2.09530685 -0.85771809 22.31450408]
[-1.77514403 -2.1919785  17.32616835]
[-2.84380011 -4.64443727 13.93656163]
[-5.73853899 -9.9751592  13.37630857]
[-11.44850781 -18.05836202  21.25266997]
[-15.04062326 -13.09563781  37.71144553]
[-8.36575915e+00 -2.84524119e-03  3.51608170e+01]
[-2.18292464  1.58940302 26.43538926]
[1.24261244e-02 1.14630883e+00 2.01454265e+01]
[ 0.81387857  1.51279433 15.48333317]
[ 1.74984375  3.08154025 12.11117301]
[ 3.8926671   7.13284928 10.50476662]
[ 8.88365302 15.79164601 14.48207263]
[15.72229107 19.51298876 32.99275968]
[11.7601828   1.89874387 39.68405624]
[ 2.92035193 -3.28691737 29.54238   ]
[-0.89548436 -3.04208371 22.45593704]
[-2.56994528 -4.19068139 17.76520924]
[-4.76173818 -7.78463586 15.50194456]
[ -8.98060134 -14.34096392  18.63143127]
[-13.82726085 -16.33148162  31.38514936]
[-11.39481004  -4.91091893  36.81628587]
[-4.97210666e+00  3.24958650e-03  2.94661355e+01]
[-1.92923088 -0.48591581 22.59051987]
[-1.41360808 -1.60902926 17.43909857]
[-2.16384058 -3.5113831  13.74118105]
[-4.40369484 -7.78152135 12.10921176]
[ -9.41482243 -16.05912393  16.58043563]
[-15.34718272 -17.77298077  33.88326938]
[-11.02384757  -2.01313842  38.28475942]
[-3.17253614  2.27109966 28.87388492]
[ 0.1312506   1.90735633 21.8966394 ]
[ 1.38507867  2.46127464 16.92970947]
[ 2.79151544  4.7525829  13.61373853]
[ 5.81887109 10.19514565 13.20306829]
[11.67432974 18.37329856 21.56458295]
[15.07471016 12.65998015 38.17547192]
[ 8.07543556 -0.34905686 34.94887938]
[ 1.95132878 -1.73419336 26.21333821]
[-0.20618671 -1.35814556 19.99090074]
[-1.08720653 -1.93420934 15.40987865]
[-2.27373081 -3.98736597 12.22821588]
[-5.00530325 -9.07058344 11.40229861]
[-10.85501854 -18.20911392  18.47960496]
[-15.90421177 -15.35921972  37.72475225]
[-9.07298631  0.5708487  36.75370396]
[-1.7658313   2.78468425 27.24888882]
[ 0.99352956  2.60754753 20.84706395]
[ 2.41358322  3.96691385 16.462696  ]
[ 4.64000165  7.79727562 14.39525925]
[ 9.13222763 14.91725381 17.97624547]
[14.33353008 16.82827279 32.189944  ]
[11.30428922  3.98039932 37.3618734 ]
[ 4.38438892 -0.7621761  29.25065413]
[ 1.26036049 -0.27097211 22.264248  ]
[ 0.53498179  0.35829232 17.05479659]
[ 0.64572212  1.00780372 13.09571095]
[ 1.31582775  2.38310591 10.17075014]
[3.11486052 5.91419237 8.56884585]
[ 7.66626712 14.34798924 11.2913764 ]
[15.52633865 22.01253191 29.35712618]
[13.56213797  3.40432326 42.00646488]
[ 3.26511133 -4.47373503 31.13432515]
[-1.55529232 -4.28880886 23.70933581]
[-3.66819369 -5.67256999 19.32716784]
[-6.25031923 -9.62095064 18.10992363]
[-10.38226448 -14.84178485  23.12615131]
[-13.04391418 -12.61871204  33.44579768]
[-9.40694319 -3.93701053 33.8159982 ]
[-4.7933415  -1.63332398 27.30493076]
[-3.12228065 -2.72518493 21.57487971]
[-3.68019281 -5.14448745 17.6400083 ]
[-6.15723475 -9.75204461 16.67713692]
[-10.75568081 -15.84040561  22.64094263]
[-13.67003462 -12.79858231  34.7573683 ]
[-9.121119   -2.7365194  34.30119774]
[-3.99708873 -0.64804831 26.95376325]
[-2.20417074 -1.65970186 20.90420985]
[-2.4834     -3.5096585  16.50974816]
[-4.35750825 -7.23736964 14.21392907]
[ -8.60439535 -14.24898747  17.03407365]
[-14.1388884  -17.58210805  30.75864323]
[-11.99254129  -4.94622758  37.94066464]
[-4.80018646  0.83991639 30.0191424 ]
[-1.29586846  0.48587692 22.8026584 ]
[-0.39241108 -0.07245533 17.45137625]
[-0.32942517 -0.45617852 13.37404229]
[-0.62292894 -1.11495627 10.2749662 ]
[-1.46620042 -2.79486086  8.04225917]
[-3.73809577 -7.30765134  7.27202615]
[ -9.48235447 -17.65436502  12.80388835]
[-17.22881849 -20.28505877  36.36130309]
[-10.71375017   1.57912653  40.12082532]
[-0.94777378  5.27816928 28.93541153]
[ 2.90064968  5.27272597 22.78223719]
[ 5.09338298  7.51024211 19.69398016]
[ 8.16357551 11.88546813 20.7801294 ]
[11.74697803 14.30928107 28.14816205]
[11.52354906  8.39447287 34.10434644]
[ 7.29109342  3.13447524 30.52178818]
[ 4.43435973  2.95751282 24.73678515]
[ 4.12793247  4.87260819 20.3195722 ]
[ 5.84022591  8.54194229 18.43196639]
[ 9.45697446 13.71811237 21.7536327 ]
[12.75198961 13.8251588  31.4044408 ]
[10.45444798  5.58945772 34.41163131]
[ 5.71294304  2.01874172 28.65581171]
[ 3.5399396   2.7425829  22.78411549]
[ 3.78572775  4.98740491 18.62255828]
[ 5.97073655  9.21490312 17.24931853]
[10.20063401 15.02271195 22.08178454]
[13.40108932 13.45255882 33.44520019]
[ 9.7426825   3.82156998 34.54768745]
[ 4.6506869   1.10151122 27.66298492]
[ 2.68923177  2.05590965 21.6160425 ]
[ 2.97858405  4.1091142  17.2768161 ]
[ 5.03380909  8.15094269 15.33665998]
[ 9.42209482 14.92986616 19.19392788]
[14.05215883 15.84143463 32.54059835]
[10.87577936  4.03317353 36.51288225]
[ 4.53639428 -0.13318045 28.84520985]
[ 1.74793202  0.47342011 22.10104684]
[ 1.32858436  1.56584426 17.0506327 ]
[ 2.09394245  3.4386524  13.41909203]
[ 4.32579594  7.69752626 11.8045533 ]
[ 9.3609277  16.08406087 16.25026794]
[15.44585188 18.03468561 33.86666496]
[11.09842244  1.90230946 38.49594885]
[ 3.0841954  -2.46595419 28.94313361]
[-0.29239211 -2.12911442 21.95583818]
[-1.62840801 -2.82214681 17.0389071 ]
[-3.21631829 -5.43801727 13.90991866]
[ -6.59266393 -11.37232843  14.23049696]
[-12.54875783 -18.65041696  24.31072097]
[-14.35160994 -10.12895435  38.69538006]
[-6.98864017  0.62011284 33.38651561]
[-1.73871566  1.27100366 25.15340106]
[-0.02808614  0.83148552 19.20173106]
[ 0.57386974  1.0967566  14.73316798]
[ 1.27830115  2.28707197 11.41853585]
[2.92543956 5.45447411 9.436516  ]
[ 7.0211098  13.06021356 11.20224177]
[14.55330681 21.70845115 26.5701207 ]
[14.47299392  6.03577098 42.01428542]
[ 4.44418343 -3.86216912 32.21240381]
[-0.83804286 -3.79947139 24.23875161]
[-2.94649976 -4.74927741 19.31259665]
[-5.20202653 -8.17796193 17.076698  ]
[ -9.1741657  -14.00796278  20.20345386]
[-13.26346936 -15.08261173  31.32049309]
[-10.97075342  -5.38165043  35.61187049]
[-5.41812636 -1.06397324 29.1416187 ]
[-2.7855285  -1.65037213 22.71027317]
[-2.66230513 -3.40772808 17.95347345]
[-4.25454019 -6.79854909 15.25253091]
[ -8.04671903 -13.1449979   17.07384877]
[-13.38305442 -17.39864944  28.79295096]
[-12.55007533  -6.80539714  37.59790579]
[-5.79418275  0.05037761 30.9147832 ]