[1. 1. 1.]
[2.13308486 4.47136023 1.11388711]
[ 6.54239303 13.73092702  4.18001914]
[16.68480206 27.18367442 26.20614665]
[15.36577202  1.11181219 46.75751418]
[ 1.1977841  -8.86714234 32.45425053]
[-4.83330897 -8.06123847 26.67303389]
[-7.04939225 -8.7475375  24.8900103 ]
[ -8.63557112 -10.09572426  25.64677061]
[ -9.69225523 -10.15777131  28.03049332]
[-9.37852481 -8.35688767 29.36238746]
[-8.07850643 -6.77009137 28.18329564]
[-7.17333115 -6.78344449 25.97579592]
[-7.36209442 -8.09990963 24.55416794]
[-8.48491674 -9.84984771 25.08122006]
[ -9.67243381 -10.43194118  27.51772611]
[-9.64383161 -8.80836776 29.44115694]
[-8.34609525 -6.87281335 28.67042164]
[-7.19897742 -6.53619538 26.37562046]
[-7.14638096 -7.69478946 24.57310413]
[-8.17368461 -9.5623036  24.62080699]
[ -9.54115571 -10.62860039  26.90605834]
[-9.87105703 -9.32894597 29.37962004]
[-8.66685562 -7.08242825 29.1589406 ]
[-7.28898105 -6.33210603 26.86471908]
[-6.95958795 -7.2727233  24.70277296]
[-7.83484271 -9.18005149 24.22733047]
[ -9.3217474 -10.7033635  26.2009626]
[-10.04173461  -9.88935803  29.13445198]
[-9.03644446 -7.4204985  29.61437891]
[-7.45633241 -6.19088079 27.44119076]
[-6.81602331 -6.8472488  24.95537322]
[-7.48174964 -8.71322    23.93185921]
[ -9.01334442 -10.62696679  25.43970607]
[-10.12541372 -10.44443754  28.67178818]
[-9.43964564 -7.90720916 29.98769363]
[-7.71362512 -6.13909614 28.09817801]
[-6.73235115 -6.43404528 25.34221121]
[-7.13045063 -8.1769362  23.76431827]
[ -8.62196893 -10.38008831  24.67258011]
[-10.0910051  -10.93021024  27.97322993]
[-9.84910975 -8.55341133 30.21074077]
[-8.07190925 -6.21252663 28.81961534]
[-6.72854489 -6.05219034 25.87361194]
[-6.79983234 -7.59018166 23.75275628]
[-8.1610388  -9.95732584 23.95939935]
[ -9.91155918 -11.26831407  27.04766164]
[-10.2219392   -9.34821792  30.19556893]
[-8.53708213 -6.45845178 29.5730377 ]
[-6.82880309 -5.72687003 26.55833661]
[-6.51221867 -6.97472631 23.92332333]
[-7.65118191 -9.36905912 23.36451647]
[ -9.57023271 -11.37741509  25.94170818]
[-10.49822141 -10.24152526  29.84168599]
[-9.10317958 -6.93543603 30.29754255]
[-7.06215308 -5.49433264 27.40155961]
[-6.29473282 -6.35470868 24.30093988]
[-7.11960965 -8.64057469 22.95165499]
[ -9.06612075 -11.19075427  24.74395291]
[-10.60446503 -11.12614095  29.05798215]
[-9.74123771 -7.70515416 30.88582649]
[-7.461636   -5.41025415 28.39940363]
[-6.18177296 -5.75779986 24.91046196]
[-6.59962757 -7.80868438 22.78009506]
[ -8.41814282 -10.67506478  23.57882167]
[-10.46523224 -11.8319334   27.80321649]
[-10.38358319  -8.80588028  31.16362305]
[-8.05942529 -5.56234785 29.52554272]
[-6.21890543 -5.21969591 25.77776576]
[-6.13122431 -6.91697104 22.90348698]
[-7.66555508 -9.8432986  22.59010403]
[-10.02395715 -12.15010307  26.13686309]
[-10.90796763 -10.19452736  30.88329304]
[-8.87222064 -6.08459089 30.70049821]
[-6.46797119 -4.79550961 26.92905491]
[-5.76414215 -6.01163882 23.37197834]
[-6.86515158 -8.75469714 21.91984536]
[ -9.2679443  -11.89708333  24.2528799 ]
[-11.13584757 -11.65902141  29.7726231 ]
[-9.86691059 -7.15646417 31.72812447]
[-7.01098357 -4.58527412 28.38293956]
[-5.5655471  -5.14124133 24.2376791 ]
[-6.08746541 -7.50116989 21.69203974]
[ -8.24583211 -10.99739482  22.46156337]
[-10.86966263 -12.75960023  27.68942741]
[-10.89622931  -8.93207617  32.19238447]
[-7.94272177 -4.78542332 30.11722273]
[-5.6353488  -4.36735932 25.56256628]
[-5.41679543 -6.18570327 22.00950312]
[-7.06604971 -9.53356494 21.11262425]
[ -9.98368661 -12.9321872   24.85291762]
[-11.62035008 -11.29068813  31.39350747]
[-9.31971356 -5.76857039 31.95418342]
[-6.13150971 -3.8056525  27.4239101 ]
[-4.96322659 -4.90352475 22.96789962]
[-5.8770228  -7.72042367 20.50410034]
[ -8.52886313 -11.81932158  21.94104828]
[-11.52025863 -13.40848522  28.63765508]
[-10.98863177  -8.08389038  33.23419133]
[-7.29333379 -3.75223104 29.88726152]
[-4.90170063 -3.74442341 24.68758171]
[-4.84856878 -5.8155594  20.84373188]
[-6.75767363 -9.58542728 19.83472167]
[-10.18970957 -13.77072611  24.18322081]
[-12.23168664 -11.83638994  32.28620223]
[-9.36546283 -5.0062097  32.77213452]
[-5.56528274 -2.87596708 27.36137492]
[-4.19296639 -4.02475367 22.29822245]
[-5.03036448 -6.83864067 19.19381572]
[ -7.80795848 -11.49841286  19.87027349]
[-11.6655424  -14.81521022  27.18254865]
[-12.00511677  -9.13029001  34.45560843]
[-7.58791745 -2.97717363 31.24127665]
[-4.30637406 -2.48508846 25.13409393]
[-3.71601175 -4.20573225 20.3362754 ]
[-5.16144943 -7.58966524 17.80667783]
[ -8.63021693 -13.02623326  19.94221392]
[-12.70952995 -15.19364127  29.66985251]
[-11.4862065   -6.83312558  35.41431243]
[-6.23320984 -1.69825036 29.97686055]
[-3.34203358 -1.98226114 23.59269924]
[-3.09393607 -3.80686121 18.82601599]
[-4.71092241 -7.31118628 16.26785679]
[ -8.48911779 -13.4076685   18.50533753]
[-13.26200389 -16.35877659  29.77083777]
[-11.89392761  -6.36076797  36.6350516 ]
[-5.76357474 -0.60668144 30.22801094]
[-2.49376367 -0.88711934 23.33124889]
[-1.94479804 -2.23831069 18.14328531]
[-2.93241618 -4.6694182  14.60535851]
[-5.73622105 -9.83173335 13.89465328]
[-11.23414187 -17.60140868  21.25943011]
[-14.84798878 -13.31803414  37.05872067]
[-8.64036822 -0.55984738 35.19638302]
[-2.54720517  1.23022486 26.62119657]
[-0.37875701  0.66670671 20.28491151]
[ 0.23128555  0.61064237 15.53617389]
[ 0.63263217  1.1439839  11.93257446]
[1.44598709 2.69181307 9.30847656]
[3.54066966 6.80085191 8.13272416]
[ 8.77768568 16.29121689 12.43754303]
[16.54858302 21.04257709 33.63165121]
[11.84923435  0.37167146 40.83512954]
[ 1.94374497 -4.75887612 29.66912529]
[-2.18646245 -4.62012837 22.94623124]
[-4.27999649 -6.48181044 19.16030088]
[ -7.16194208 -10.85259974  19.02622221]
[-11.27716399 -15.10073265  25.64393595]
[-12.53405592 -10.41643723  34.43049705]
[-8.20005413 -3.12805804 32.2568532 ]
[-4.37530456 -2.06154494 25.88626447]
[-3.38535019 -3.53387723 20.68927775]
[-4.47517305 -6.51374465 17.51482556]
[ -7.58874003 -11.79684192  18.25410079]
[-12.17268414 -16.09171424  26.92268254]
[-12.61944987  -9.00245485  35.90422484]
[-7.20585344 -1.74326436 31.70267004]
[-3.4122585  -1.31910193 24.81951987]
[-2.57382725 -2.76411724 19.4905592 ]
[-3.59284831 -5.46995282 15.99699264]
[ -6.57071694 -10.79679401  15.83854021]
[-11.78943385 -17.18618674  24.02030982]
[-13.88765754 -11.12683139  36.81864234]
[-7.89488405 -1.03009001 33.54280659]
[-2.90062539  0.07382044 25.745575  ]
[-1.3447817  -0.84665506 19.77247958]
[-1.45584701 -2.09172751 15.31193884]
[-2.67513713 -4.61059924 12.31400802]
[ -5.78834281 -10.380746    12.16045399]
[-12.02621536 -19.20762601  21.4186185 ]
[-15.43122026 -12.28168288  39.31399016]
[-7.59992711  1.33466256 34.92693325]
[-1.28294555  2.44482006 25.99943288]
[ 0.97839891  2.34792136 19.92982736]
[ 2.27020176  3.76748833 15.70068893]
[ 4.47447038  7.64557398 13.67926033]
[ 9.06199526 15.0635449  17.29222382]
[14.58636502 17.36274263 32.27078191]
[11.4406866   3.67498878 37.84625811]
[ 4.14588967 -1.23565035 29.34571374]
[ 0.86671295 -0.79398051 22.26491472]
[-0.04729618 -0.50805754 17.03616538]
[-0.4064681  -0.76618053 13.06189376]
[-0.9311385  -1.71015242 10.07494745]
[-2.23291423 -4.26500863  8.11642906]
[ -5.64352855 -10.87177016   8.76072398]
[-13.09143309 -21.87645332  20.86720065]
[-16.42977414 -10.68606484  42.79109987]
[-5.99143568  4.33378047 34.72902396]
[ 0.8405612   4.72453664 25.81690088]
[ 3.45157823  5.47046685 20.80450031]
[ 5.77803533  8.68389413 18.7839241 ]
[ 9.43054458 13.60893172 22.00376532]
[12.62042604 13.63827193 31.29874325]
[10.40446304  5.71997968 34.20236028]
[ 5.81703596  2.22328187 28.63180447]
[ 3.70547879  2.94899633 22.87269638]
[ 3.99803176  5.25871766 18.83037868]
[ 6.2493264   9.55077384 17.70058211]
[10.43928251 15.05020607 22.88975488]
[13.21469706 12.76998305 33.69231324]
[ 9.40322251  3.69730236 34.01282821]
[ 4.62601187  1.37693499 27.28453678]
[ 2.89521162  2.44440198 21.44257755]
[ 3.37563189  4.73118932 17.35787508]
[ 5.71805569  9.17476713 16.01751228]
[10.3219257  15.69625374 21.29114031]
[13.94838649 13.976718   34.25705708]
[ 9.70792505  2.98569987 35.17147188]
[ 4.08013335  0.25682551 27.58628423]
[ 1.93055142  1.11047335 21.26441058]
[ 1.91845566  2.59066284 16.57574003]
[ 3.28983883  5.48443756 13.58719294]
[ 6.72813452 11.63924073 14.12609799]
[12.7995755  18.89265336 24.79267028]
[14.28541219  9.56418562 39.00937486]
[ 6.67897233 -0.90545442 33.12017584]
[ 1.52016045 -1.40505575 24.91914091]
[-0.16246361 -1.05260993 19.03331615]
[-0.85848664 -1.54803534 14.63915297]
[-1.8443176  -3.28544817 11.49122707]
[-4.1834894  -7.72960174 10.21696653]
[ -9.58837344 -16.92139316  15.33440585]
[-16.14877595 -18.53360598  35.23537491]
[-10.75160442  -0.40634961  38.91038358]
[-2.1943803   3.47767487 28.69187409]
[ 1.27832025  3.2921177  21.94664465]
[ 2.98329621  4.77519719 17.57230555]
[ 5.46275961  8.87327835 15.95425588]
[10.00297776 15.39615993 20.67522152]
[13.94475511 14.56317036 33.64923212]
[10.09833856  3.40405524 35.5575419 ]
[ 4.29234806  0.22686618 28.01154543]
[ 1.9581132   1.01189274 21.57693531]
[ 1.84762392  2.43085843 16.79041628]
[ 3.10692763  5.1518449  13.65520422]
[ 6.34218167 11.01061426 13.76072704]
[12.32593026 18.70976866 23.41399832]
[14.64634102 10.87279649 38.72748774]
[ 7.26732742 -0.66856509 33.87775179]
[ 1.72025553 -1.50373204 25.46145699]
[-0.14326002 -1.12449349 19.43444434]
[-0.89117435 -1.61015564 14.95098515]
[-1.90340221 -3.37296499 11.74871121]
[-4.27756129 -7.86385546 10.48055243]
[ -9.70245715 -17.00037537  15.73043473]
[-16.08480528 -18.18299224  35.42788425]
[-10.60106926  -0.40619564  38.65163749]
[-2.22049908  3.31473184 28.55378691]
[ 1.16225414  3.11508614 21.82001099]
[ 2.80534011  4.52463167 17.38610126]
[ 5.19479389  8.50520396 15.56910036]
[ 9.6972635  15.19709372 19.83859986]
[14.04366134 15.2874709  33.13119264]
[10.50742817  3.67499477 36.10410334]
[ 4.38664775e+00 -9.06373376e-03  2.84467813e+01]
[ 1.80561103  0.67745745 21.83760229]
[ 1.5150015   1.88766006 16.89508838]
[ 2.46942669  4.08177428 13.44143386]
[ 5.09803643  9.00891611 12.41923971]
[10.6504295  17.55828874 18.93761903]
[15.48300384 15.30092582 36.74231238]
[ 9.37797174  0.35383431 36.60155316]
[ 2.35101982 -2.12369076 27.39516578]
[-0.31675015 -1.76466096 20.85736947]
[-1.42081967 -2.47291326 16.144536  ]
[-2.87640177 -4.9556622  13.04921482]
[ -6.10650007 -10.77686183  13.04582609]
[-12.23634922 -18.99120128  22.61263831]
[-14.98996475 -11.39640899  39.05747282]
[-7.36608303  1.00139693 34.29938618]
[-1.4983035   1.93268708 25.66330876]
[ 0.53663214  1.6962996  19.61432198]
[ 1.54503561  2.64507438 15.22412539]
[ 3.15828161  5.51323839 12.48088433]
[ 6.81211153 12.04327809 13.35358513]
[13.27951815 19.66594686 25.25317007]
[14.38379132  8.67450763 39.91721487]
[ 6.07825016 -1.74432089 32.86411796]
[ 0.88197846 -2.03256673 24.62381213]
[-0.89546366 -2.02020615 18.8920314 ]
[-2.03455734 -3.42607516 14.81777846]
[-4.13753433 -7.21262713 12.75611038]
[ -8.70728617 -14.8615949   16.02107184]
[-14.76604488 -18.38397692  31.58561789]
[-11.95568965  -3.79796961  38.72017205]
[-4.071838    1.82927197 29.82616123]
[-0.43328705  1.48611371 22.55766889]
[ 0.76731382  1.60057458 17.31436863]
[ 1.71039807  2.94616364 13.50503641]
[ 3.64235503  6.52789333 11.42618477]
[ 8.09086669 14.32248979 14.09895288]
[14.85802763 19.86229844 30.04630792]
[12.85619869  4.32178891 40.05088505]
[ 4.0948256  -2.66876607 30.66538671]
[-0.13408733 -2.44970483 23.13030201]
[-1.72548948 -3.02576619 17.96262153]
[-3.35870243 -5.58076927 14.70047631]
[ -6.68075028 -11.32736546  14.94806458]
[-12.37999903 -18.13540206  24.54725962]
[-14.09719035 -10.20932702  38.07465316]
[-7.1884871   0.06891837 33.26086343]
[-2.12925972  0.78182041 25.20787815]
[-0.54047179  0.13479755 19.25854844]
[-0.25731944 -0.2329262  14.75209122]
[-0.37776348 -0.63795022 11.31046887]
[-0.84003754 -1.57369411  8.71980399]
[-2.09864772 -4.09107215  7.02973279]
[ -5.49838107 -10.77636225   7.7871052 ]
[-13.1762805  -22.4182623   20.23274163]
[-16.77629808 -10.70802353  43.53401297]
[-5.76500901  5.01133836 34.89941893]
[ 1.30874894  5.31072823 26.02266201]
[ 4.02173109  6.14598746 21.3474857 ]
[ 6.44152911  9.38905833 19.90993369]
[ 9.91212103 13.56292853 23.75209063]
[12.2048711  12.21838871 31.83337188]
[ 9.64864139  5.39313914 32.98492823]
[ 5.78043883  2.92872806 27.74604039]
[ 4.25043152  3.9436451  22.61974397]
[ 4.96184714  6.64724601 19.37949894]
[ 7.61357672 11.1882849  19.7564985 ]
[11.45616725 14.76191848 26.63345788]
[12.12445935  9.62052556 34.25862389]
[ 7.86821973  3.20673083 31.55290524]
[ 4.45922111  2.49219363 25.47245699]
[ 3.74779205  4.13855164 20.60703948]
[ 5.09797097  7.42528428 17.95913439]
[ 8.45929961 12.76012749 19.81039197]
[12.55987786 15.24521067 29.18758918]
[11.64232302  7.25013156 35.37472992]
[ 6.45742248  1.84365518 30.24341632]
[ 3.46370865  2.01115432 23.8514145 ]
[ 3.14834686  3.81433744 19.04844793]
[ 4.72317506  7.27794469 16.44882674]
[ 8.43989842 13.28073872 18.57817841]
[13.16191516 16.28318125 29.58107725]
[11.92342056  6.56004049 36.53126695]
[ 5.88471623  0.74378746 30.30544449]
[ 2.60774695  0.99194986 23.4351715 ]
[ 2.0677565   2.39230162 18.26223723]
[ 3.11462803  4.94240202 14.78820839]
[ 6.04027634 10.27562652 14.3347138 ]
[11.57489073 17.74160503 22.30865123]
[14.60572911 12.35138908 37.36544433]
[ 8.20739687  0.43291256 34.56149206]
[ 2.48009172 -0.99515455 26.18921587]
[ 0.52176893 -0.37427311 19.97842056]
[ 0.0667651  -0.12144921 15.297     ]
[-0.03988752 -0.10846816 11.71638297]
[-0.12027656 -0.23028774  8.97508037]
[-0.30353687 -0.59225841  6.88161605]
[-0.80878701 -1.62287221  5.32252453]
[-2.25780166 -4.61093544  4.47730225]
[ -6.38242654 -12.86349965   6.6378039 ]
[-15.36805423 -24.9264667   24.68010793]
[-15.70403515  -4.66268605  45.3421955 ]
[-3.03342544  6.90054    32.85019253]
[ 3.1220161   6.55104027 25.56679055]
[ 5.64229694  7.83313362 22.4030644 ]
[ 8.08265301 10.8060013  22.83251211]
[10.61345924 12.4513693  27.49077112]
[10.77307988  9.11366427 31.74846279]
[ 8.12206332  5.1833473  30.07444205]
[ 5.91495077  4.65401429 25.83247842]
[ 5.66011937  6.36164637 22.44984491]
[ 7.20645184  9.5229244  21.6311057 ]
[ 9.90890235 12.59463914 25.14058667]
[11.36830577 11.03883993 31.05885566]
[ 9.2702724   6.03657632 31.58726957]
[ 6.34139696  4.18461807 27.41363277]
[ 5.26920859  5.25377924 23.23982801]
[ 6.19607421  8.01559177 21.04864054]
[ 8.74015151 11.80325377 22.69925987]
[11.36984618 12.83308768 28.95627385]
[10.63670297  7.85123611 32.69886369]
[ 7.25990019  4.10240498 29.44562603]
[ 5.17227692  4.23387716 24.62138092]
[ 5.2872619   6.38735107 21.18226356]
[ 7.28242421 10.11153486 20.74053831]
[10.48560217 13.53010816 25.48840037]
[11.80175871 10.75943924 32.39294751]
[ 8.83510418  4.88970442 31.82420107]
[ 5.58140142  3.41779442 26.71652101]
[ 4.62840557  4.79593043 22.16560476]
[ 5.77200821  7.8636183  19.78406027]
[ 8.71631381 12.3320112  21.65275809]
[11.91331565 13.75108798 29.27673299]
[10.98491972  7.48555249 33.79098599]
[ 6.87047428  3.15092012 29.68338399]
[ 4.45559842  3.36128755 24.16435002]
[ 4.47294675  5.5090843  20.14791772]
[ 6.47615926  9.45454147 18.97200642]
[10.19143497 14.20329109 23.47800525]
[12.62896443 12.39267829 32.66183822]
[ 9.51774078  4.65020853 33.39672909]
[ 5.27851232  2.28243456 27.49206856]
[ 3.69680074  3.37308568 22.04987168]
[ 4.37366871  6.00932043 18.47567507]
[ 7.02777446 10.73153625 18.30719578]
[11.33818754 15.51147521 25.15985209]
[12.85269799 10.7240623  34.85073108]
[ 8.23642119  2.77223086 32.64526296]
[ 4.11625793  1.60992391 25.94402096]
[ 2.97500904  2.97878174 20.50802647]
[ 3.88066009  5.68724351 16.9557448 ]
[ 6.7599397  10.81383521 16.80191815]
[11.64625323 16.56293468 24.53257103]
[13.4844904  10.93291858 36.08518441]
[ 8.01129149  1.68766358 33.18986231]
[ 3.35823964  0.57237679 25.77979283]
[ 1.97640124  1.69407367 19.9700505 ]
[ 2.43596309  3.5979468  15.77936328]
[ 4.46381514  7.54171911 13.72801748]
[ 8.97544994 14.9176435  17.19802295]
[14.52230684 17.44636143 31.99498914]
[11.55470971  3.88717961 37.90173505]
[ 4.25134136 -1.19196013 29.47278074]
[ 0.92369181 -0.7636249  22.36074638]
[ 4.34219759e-03 -4.42537294e-01  1.71080715e+01]
[-0.32111551 -0.62373865 13.11171422]
[-0.74918053 -1.37796278 10.08827715]
[-1.79919379 -3.44100548  7.98636553]
[-4.58670429 -8.92689571  7.79325875]
[-11.24824695 -20.07822873  16.25352698]
[-17.32345658 -15.97730149  40.64381934]
[-8.24106002  3.47095437 37.40981146]
[ 0.09384181  5.03264761 27.31529916]
[ 3.23219923  5.37114811 21.79463529]
[ 5.45773836  8.09928857 19.25171418]
[ 8.80846081 12.76267169 21.38311656]
[12.22534205 14.05644088 29.77608257]
[10.98673362  7.00371687 34.2430885 ]
[ 6.5297217   2.65731927 29.54350319]
[ 4.07646766  3.00264498 23.77491606]
[ 4.10985715  5.14949646 19.58729494]
[ 6.12502997  9.15403774 18.15706732]
[10.03370613 14.43894865 22.52551128]
[12.98179513 13.16165024 32.71418051]
[ 9.82758058  4.52251518 34.11117176]
[ 5.12277827  1.74507027 27.82077863]
[ 3.25966046  2.71490852 22.0217292 ]
[ 3.70161532  5.06591413 17.99241938]
[ 6.06507412  9.5231066  16.85602797]
[10.52773858 15.53305203 22.35855429]
[13.59264823 13.11702186 34.25574149]
[ 9.38523747  3.14395743 34.44724962]
[ 4.24237602  0.79664091 27.24422678]
[ 2.37382605  1.78963765 21.17927581]
[ 2.65166269  3.71181037 16.79096043]
[ 4.58836727  7.5533274  14.60296147]
[ 8.89544795 14.51545411 17.77778854]
[14.13736767 17.00120075 31.44699837]
[11.59384834  4.58311952 37.45136578]
[ 4.69411653 -0.59653153 29.59926585]
[ 1.44713785 -0.15532167 22.54715229]
[ 0.71004342  0.57767823 17.28545335]
[ 0.92558714  1.4638844  13.30820473]
[ 1.88996973  3.40849866 10.48321613]
[4.41098364 8.26778418 9.59628314]
[10.2661914  18.08948624 15.95688686]
[16.56798371 17.51202845 37.3609237 ]
[ 9.76614942 -1.05100103 38.22289286]
[ 1.39690061 -3.87990546 27.99135343]
[-1.85547201 -3.84535089 21.62523501]
[-3.70739503 -5.80234872 17.74058058]
[ -6.60327783 -10.48308885  17.24932056]
[-11.26704685 -16.04139171  24.12748215]
[-13.36610515 -11.47140266  35.32541736]
[-8.43394169 -2.3463591  33.38303538]
[-3.79667289 -0.92468796 26.20060209]
[-2.36585722 -2.09718121 20.41951694]
[-2.92027593 -4.2630145  16.3387094 ]
[-5.21777943 -8.64019607 14.76813103]
[ -9.9711905  -15.81585937  19.65147666]
[-14.42969964 -15.31445981  34.08781296]
[-10.22364754  -2.79024107  36.26837705]
[-3.85266879  0.55066518 28.11198293]
[-1.27978562 -0.11180333 21.46768787]
[-0.8354742  -0.91645724 16.48429342]
[-1.28796488 -2.13205167 12.76091659]
[-2.73069466 -4.96641562 10.37888532]
[ -6.3521488  -11.71895158  11.21108014]
[-13.41738559 -20.94628604  23.72260786]
[-15.24447269  -9.06985085  41.43388661]
[-5.82096501  3.06466447 33.53509465]
[ 0.04032415  3.3563435  24.99833265]
[ 2.22420649  3.85792539 19.55440867]
[ 4.12321276  6.58389616 16.41277374]
[ 7.61018292 12.23410724 17.41734692]
[12.64092586 16.87196696 27.28014413]
[12.81899014  8.39394379 36.85597218]
[ 6.70691691  0.85939387 31.63477005]
[ 2.75982819  0.62450313 24.41119669]
[ 1.82945093  1.83508528 18.91331361]
[ 2.5144213   3.88573675 15.00513821]
[ 4.81313411  8.25337494 13.39785351]
[ 9.75297153 16.06397149 18.16992395]
[14.94203521 16.4751255  34.19373579]
[10.55490161  2.2882663  37.24551129]
[ 3.45252237 -1.44444691 28.43001378]